camera_matrix:
- - 441.30349940653923
  - 0.0
  - 443.9698204588923
- - 0.0
  - 531.6949150459089
  - 378.25747679104643
- - 0.0
  - 0.0
  - 1.0
dist_coeff:
- - 3.2589887960978494
  - -30.023542584783044
  - -0.12480115490710209
  - 0.07242261268149801
  - 120.63816045974933
